email,name
deeznuts@gmail.com,Josia
deeznuts@gmail.com,Josia
deeznuts@gmail.com,Josia
